Calculando momentos exatos ate M_310...
  Momentos prontos em 20.2s

=== Validacao ===
  M1=1/2, M2=7/24 OK; momentos centrais impares (3,5,7,9) = 0 OK
  phi(1/2) calculado = 1.5000000000 (esperado 1.5), rel_err_cota=0.0e+00
  Validacao OK

=== Teste da Conjectura 3: ln(phi/phi0) e razao decisiva L_l ===
  ell      u      k_l     m       ln phi      ln phi0       ln r   L_l=phi(3x)/phi(x)*3^(1-l)    rel_err    tempo
    5   -2.0        1     4      -14.188      -13.510    -0.6785                     3.889789   0.00e+00     0.00s
    5   -1.0        3     3       -8.436       -7.797    -0.6386                     1.037037   0.00e+00     0.00s
    5   -0.5        4     3       -7.143       -6.521    -0.6217                     0.718644   0.00e+00     0.00s
    5    0.0        5     3       -6.211       -5.597    -0.6147                     0.539386   0.00e+00     0.00s
    5    0.5        6     3       -5.491       -4.884    -0.6076                     0.428850   0.00e+00     0.00s
    5    1.0        7     2       -4.907       -4.311    -0.5958                     0.354615   0.00e+00     0.00s
    5    2.0        9     2       -4.005       -3.438    -0.5667                     0.253968   0.00e+00     0.00s
   10   -2.0        4     8      -46.792      -46.060    -0.7321                     1.669359   0.00e+00     0.00s
   10   -1.0        7     7      -41.342      -40.616    -0.7265                     0.900322   0.00e+00     0.00s
   10   -0.5        8     7      -40.089      -39.363    -0.7263                     0.776332   0.00e+00     0.00s
   10    0.0       10     7      -38.035      -37.309    -0.7259                     0.606388   0.00e+00     0.00s
   10    0.5       12     7      -36.392      -35.668    -0.7243                     0.495595   0.00e+00     0.00s
   10    1.0       13     7      -35.682      -34.959    -0.7231                     0.453451   0.00e+00     0.00s
   10    2.0       16     7      -33.867      -33.148    -0.7198                     0.359597   0.00e+00     0.00s
   20   -2.0       11    17     -195.246     -194.501    -0.7449                     1.193114   0.00e+00     0.00s
   20   -1.0       16    17     -187.938     -187.192    -0.7455                     0.805184   0.00e+00     0.00s
   20   -0.5       18    17     -185.668     -184.922    -0.7458                     0.711584   0.00e+00     0.00s
   20    0.0       20    16     -183.649     -182.903    -0.7460                     0.637127   0.00e+00     0.00s
   20    0.5       22    16     -181.832     -181.085    -0.7460                     0.576500   0.00e+00     0.00s
   20    1.0       24    16     -180.180     -179.434    -0.7459                     0.526185   0.00e+00     0.00s
   20    2.0       29    16     -176.612     -175.867    -0.7454                     0.431319   0.00e+00     0.00s
   30   -2.0       19    26     -452.363     -451.625    -0.7376                     1.036777   0.00e+00     0.00s
   30   -1.0       25    26     -444.289     -443.551    -0.7383                     0.781039   0.00e+00     0.00s
   30   -0.5       27    26     -442.038     -441.299    -0.7385                     0.721412   0.00e+00     0.00s
   30    0.0       30    26     -438.965     -438.226    -0.7387                     0.647098   0.00e+00     0.00s
   30    0.5       33    26     -436.193     -435.455    -0.7388                     0.586487   0.00e+00     0.00s
   30    1.0       35    26     -434.487     -433.748    -0.7387                     0.551933   0.00e+00     0.00s
   30    2.0       41    26     -429.914     -429.175    -0.7386                     0.468758   0.00e+00     0.00s
   50   -2.0       36    46    -1295.207    -1294.486    -0.7213                     0.915322   0.00e+00     0.00s
   50   -1.0       43    46    -1286.440    -1285.718    -0.7217                     0.763761   0.00e+00     0.00s
   50   -0.5       46    46    -1283.119    -1282.398    -0.7218                     0.713051   0.00e+00     0.00s
   50    0.0       50    46    -1279.020    -1278.298    -0.7219                     0.654986   0.00e+00     0.00s
   50    0.5       54    46    -1275.242    -1274.520    -0.7220                     0.605596   0.00e+00     0.00s
   50    1.0       57    45    -1272.592    -1271.870    -0.7220                     0.573142   0.00e+00     0.00s
   50    2.0       64    45    -1266.922    -1266.200    -0.7219                     0.509343   0.00e+00     0.00s
   75   -2.0       58    70    -2966.022    -2965.316    -0.7065                     0.854734   0.00e+00     0.01s
   75   -1.0       66    70    -2956.422    -2955.715    -0.7068                     0.749930   0.00e+00     0.00s
   75   -0.5       71    70    -2951.002    -2950.296    -0.7069                     0.696490   0.00e+00     0.00s
   75    0.0       75    70    -2946.938    -2946.231    -0.7069                     0.658899   0.00e+00     0.00s
   75    0.5       79    70    -2943.088    -2942.381    -0.7070                     0.625137   0.00e+00     0.00s
   75    1.0       84    70    -2938.544    -2937.837    -0.7070                     0.587482   0.00e+00     0.00s
   75    2.0       92    70    -2931.813    -2931.106    -0.7069                     0.535793   0.00e+00     0.00s
  100   -2.0       80    95    -5323.571    -5322.875    -0.6963                     0.827760   0.00e+00     0.01s
  100   -1.0       90    95    -5311.878    -5311.181    -0.6965                     0.734988   0.00e+00     0.00s
  100   -0.5       95    95    -5306.514    -5305.818    -0.6966                     0.695958   0.00e+00     0.00s
  100    0.0      100    95    -5301.429    -5300.732    -0.6966                     0.660849   0.00e+00     0.00s
  100    0.5      105    95    -5296.593    -5295.897    -0.6966                     0.629098   0.00e+00     0.00s
  100    1.0      110    95    -5291.985    -5291.288    -0.6966                     0.600245   0.00e+00     0.00s
  100    2.0      120    95    -5283.371    -5282.674    -0.6966                     0.549784   0.00e+00     0.00s
  150   -2.0      126   145   -12096.236   -12095.553    -0.6831                     0.789879   0.00e+00     0.01s
  150   -1.0      138   145   -12082.659   -12081.976    -0.6832                     0.720793   0.00e+00     0.02s
  150   -0.5      144   145   -12076.310   -12075.626    -0.6832                     0.690581   0.00e+00     0.01s
  150    0.0      150   145   -12070.221   -12069.538    -0.6832                     0.662793   0.00e+00     0.02s
  150    0.5      156   145   -12064.373   -12063.690    -0.6832                     0.637149   0.00e+00     0.02s
  150    1.0      162   145   -12058.747   -12058.063    -0.6832                     0.613410   0.00e+00     0.01s
  150    2.0      174   144   -12048.097   -12047.414    -0.6832                     0.570857   0.00e+00     0.04s
  200   -2.0      172   194   -21615.528   -21614.853    -0.6747                     0.772349   0.00e+00     0.14s
  200   -1.0      186   194   -21599.938   -21599.263    -0.6748                     0.713960   0.00e+00     0.16s
  200   -0.5      193   194   -21592.580   -21591.905    -0.6748                     0.687949   0.00e+00     0.10s
  200    0.0      200   194   -21585.485   -21584.810    -0.6748                     0.663763   0.00e+00     0.10s
  200    0.5      207   194   -21578.635   -21577.960    -0.6748                     0.641217   0.00e+00     0.08s
  200    1.0      214   194   -21572.014   -21571.339    -0.6748                     0.620148   0.00e+00     0.10s
  200    2.0      228   194   -21559.401   -21558.726    -0.6748                     0.581901   0.00e+00     0.09s
  250   -2.0      218   244   -33881.377   -33880.708    -0.6688                     0.762244   0.00e+00     0.32s
  250   -1.0      234   244   -33863.726   -33863.057    -0.6689                     0.709941   0.00e+00     0.18s
  250   -0.5      242   244   -33855.349   -33854.680    -0.6689                     0.686388   0.00e+00     0.21s
  250    0.0      250   244   -33847.246   -33846.577    -0.6689                     0.664345   0.00e+00     0.12s
  250    0.5      258   244   -33839.400   -33838.731    -0.6690                     0.643671   0.00e+00     0.11s
  250    1.0      266   244   -33831.793   -33831.124    -0.6690                     0.624243   0.00e+00     0.12s
  250    2.0      282   244   -33817.246   -33816.577    -0.6689                     0.588700   0.00e+00     0.11s
  300   -2.0      265   294   -48892.633   -48891.968    -0.6645                     0.752810   0.00e+00     0.26s
  300   -1.0      283   294   -48872.970   -48872.305    -0.6645                     0.704788   0.00e+00     0.27s
  300   -0.5      291   294   -48864.630   -48863.965    -0.6646                     0.685354   0.00e+00     0.25s
  300    0.0      300   294   -48855.518   -48854.854    -0.6646                     0.664732   0.00e+00     0.25s
  300    0.5      309   294   -48846.677   -48846.012    -0.6646                     0.645313   0.00e+00     0.25s
  300    1.0      317   294   -48839.032   -48838.367    -0.6646                     0.628979   0.00e+00     0.27s
  300    2.0      335   294   -48822.515   -48821.851    -0.6646                     0.595084   0.00e+00     0.27s

=== Concluido em 24.1s ===
Conjectura 3: ln r deve convergir (ou oscilar limitado) - nao divergir a -inf/+inf
Teste decisivo (⋆5): L_l deve ter limsup < 1 (previsao via phi_0: L_l -> 2/3)
